US_ID	s_manual_trinary	s_svm_trinary	s_lexicoder_trinary	s_huliu_trinary	s_geninq_trinary	s_LoughranMcDonald_trinary	s_roBERTa_trinary
10011	0	0	-1	1	1	-1	0
10014	-1	0	1	1	1	1	0
10018	0	-1	0	-1	0	0	-1
10020	-1	-1	-1	1	-1	-1	0
10022	0	-1	1	1	-1	-1	-1
10030	0	0	1	1	0	0	-1
10033	0	0	0	1	0	-1	-1
10034	0	0	1	0	1	-1	0
10042	0	0	1	1	0	0	-1
10045	-1	-1	-1	-1	-1	-1	-1
10050	-1	-1	1	-1	0	-1	-1
10056	-1	0	-1	-1	-1	-1	-1
10060	0	0	0	1	-1	1	1
10063	-1	1	1	1	0	1	1
10064	0	1	1	1	0	1	0
10068	1	1	1	1	1	1	1
10070	0	0	1	1	0	1	0
10071	0	0	1	1	1	1	1
10081	0	0	-1	-1	1	-1	0
10085	0	0	1	1	1	0	0
10089	0	0	1	1	-1	-1	0
10094	0	0	-1	1	1	0	0
10101	0	0	0	1	1	-1	0
10109	0	0	1	1	1	-1	0
10117	0	0	-1	1	1	-1	0
10129	0	0	-1	-1	1	-1	0
10133	0	-1	-1	0	-1	0	-1
10141	0	0	1	1	-1	-1	0
10145	0	0	1	1	-1	0	-1
10150	0	0	-1	-1	-1	-1	-1
10153	0	0	0	-1	0	-1	0
10154	1	0	1	1	1	1	0
10156	0	0	1	0	-1	-1	-1
10157	1	1	1	0	-1	-1	-1
10160	-1	0	-1	-1	-1	-1	-1
10162	0	0	-1	-1	-1	0	-1
10171	0	0	1	0	1	-1	0
10185	0	0	-1	-1	1	-1	0
10189	1	1	1	1	0	1	0
10191	0	0	1	1	1	1	1
10193	0	0	0	1	0	0	0
10198	0	0	1	1	0	0	0
10203	0	0	1	1	0	1	0
10205	0	0	1	1	1	1	0
10209	0	0	-1	-1	0	-1	-1
10213	0	0	1	0	-1	-1	-1
10215	0	0	-1	-1	-1	0	0
10219	0	0	1	1	1	0	1
10220	0	0	1	-1	0	0	0
10224	0	0	1	1	1	0	0
10227	1	0	1	1	1	0	-1
10228	0	0	1	1	0	-1	-1
10233	0	0	-1	-1	-1	-1	-1
10234	0	0	1	1	1	1	1
10239	-1	-1	1	-1	1	0	-1
10245	-1	0	-1	-1	-1	-1	0
10254	-1	-1	-1	1	1	1	0
10256	0	0	1	1	1	0	0
10264	0	0	1	1	0	0	0
10268	0	0	1	1	1	1	0
10271	1	0	-1	0	-1	-1	0
10275	0	0	1	1	1	1	0
10288	0	0	-1	0	-1	-1	-1
10294	0	0	-1	-1	0	-1	-1
10300	0	0	-1	-1	-1	-1	-1
10305	0	0	-1	-1	0	-1	-1
10310	0	0	1	1	1	0	1
10314	0	0	1	0	1	-1	0
10323	0	1	1	1	1	1	0
10327	0	0	1	1	1	1	-1
10336	0	0	1	1	1	1	0
10339	1	0	1	1	1	1	1
10342	0	0	1	1	1	1	0
10345	0	0	-1	-1	1	0	0
10351	0	-1	-1	-1	0	-1	0
10362	0	0	1	1	1	-1	0
10363	0	0	0	0	0	0	0
10370	1	0	1	1	1	-1	0
10375	1	0	1	1	1	0	1
10379	0	0	1	1	1	-1	0
10388	0	0	-1	1	1	-1	0
10400	1	0	1	1	1	-1	0
10406	1	0	1	0	1	0	0
10417	1	0	1	1	1	1	1
10420	1	-1	1	1	0	0	-1
10423	1	1	1	1	1	1	1
10428	0	1	1	1	1	0	0
10437	0	0	1	1	-1	0	0
10446	1	0	1	1	0	-1	-1
10452	1	0	1	1	1	1	1
10453	0	1	0	1	1	1	0
10454	0	1	0	1	1	1	0
10460	0	0	1	1	1	0	0
10467	0	0	1	1	1	-1	0
10475	0	0	-1	-1	-1	-1	0
10479	0	0	-1	0	1	-1	0
10485	0	0	-1	1	1	-1	-1
10491	0	0	-1	-1	1	-1	0
10498	0	-1	1	1	1	-1	0
10503	0	0	1	1	1	1	1
10512	0	0	1	1	1	1	0
10520	0	0	1	1	1	1	1
10528	0	0	1	1	1	1	1
10534	0	0	-1	-1	-1	-1	-1
10540	0	0	-1	0	-1	-1	-1
10550	0	0	-1	-1	-1	-1	-1
10554	0	0	1	1	0	1	-1
10561	0	0	1	0	1	-1	1
10572	0	0	1	1	1	1	1
10574	1	1	1	1	1	0	1
10578	0	0	-1	1	-1	0	0
10581	0	0	1	0	1	0	-1
10591	1	1	1	1	1	1	1
10593	1	1	1	1	1	0	0
10597	0	0	1	1	1	1	0
10600	-1	-1	1	0	1	-1	0
10602	0	0	1	1	1	-1	0
10607	0	-1	0	0	1	-1	0
10610	0	0	1	0	1	-1	0
10613	0	0	1	1	1	1	-1
10614	0	0	1	1	1	-1	0
10616	0	-1	1	1	1	-1	0
10619	0	0	1	0	1	-1	0
10621	0	0	1	0	-1	0	0
10624	0	0	1	1	1	0	0
10631	0	0	1	1	1	1	0
10633	0	0	1	1	1	0	0
10636	-1	-1	-1	-1	0	-1	0
10639	0	0	0	-1	1	0	0
10648	0	0	-1	-1	-1	-1	-1
10657	0	0	-1	-1	0	0	-1
10662	0	0	1	1	1	0	0
10663	0	0	1	0	1	0	0
10668	0	0	1	1	1	0	0
10672	0	0	1	0	1	1	0
10673	0	0	-1	-1	-1	0	0
10674	0	0	1	0	0	-1	0
10675	0	0	-1	-1	0	0	0
10677	0	0	1	-1	1	0	0
10682	0	0	1	1	1	0	0
10687	0	0	1	1	1	0	0
10688	0	0	1	1	-1	0	0
10690	0	0	0	1	0	0	0
10693	0	0	1	1	1	0	0
10694	0	0	1	1	1	0	0
10695	-1	0	-1	-1	-1	-1	0
10696	0	0	1	0	0	0	0
10698	-1	0	-1	1	0	-1	0
10699	0	0	1	1	0	-1	0
10700	0	0	1	1	0	-1	0
10702	0	0	-1	1	1	-1	0
10703	0	0	1	0	1	0	0
10708	0	0	-1	-1	-1	-1	-1
10710	0	0	1	0	0	0	-1
10717	0	0	1	1	0	1	-1
10721	0	-1	-1	1	1	0	-1
10724	0	-1	-1	1	1	0	-1
10730	-1	0	0	0	-1	0	-1
10736	-1	0	-1	0	-1	0	-1
10742	0	-1	0	1	1	-1	-1
10750	0	0	1	1	1	1	1
10756	1	0	1	-1	0	-1	0
10762	0	0	1	0	0	-1	1
10767	1	1	-1	1	-1	-1	-1
10770	1	1	-1	-1	-1	-1	0
10782	-1	0	-1	1	1	0	-1
10788	0	0	1	1	1	1	0
10792	0	0	-1	1	-1	0	-1
10794	0	0	-1	1	0	-1	0
10801	0	0	1	1	0	0	0
10804	0	0	0	1	-1	-1	0
10808	0	0	1	0	1	-1	0
10813	0	0	-1	0	-1	-1	0
10818	0	0	-1	0	-1	-1	-1
10825	0	0	1	1	0	1	-1
10832	0	0	1	1	1	1	0
10836	0	0	1	1	1	0	0
10845	0	0	1	-1	1	-1	-1
10853	0	0	1	-1	1	-1	0
10861	0	0	1	1	1	1	1
10865	0	0	1	-1	-1	0	0
10874	0	0	1	1	1	0	0
10883	1	0	-1	-1	-1	-1	0
10892	0	0	1	-1	1	-1	0
10903	0	0	1	0	-1	-1	0
10915	-1	0	1	0	-1	-1	-1
10924	1	0	0	1	1	-1	1
10938	0	0	1	1	1	0	1
10948	0	0	-1	-1	-1	-1	-1
10957	0	0	-1	1	1	0	0
10963	0	0	0	1	1	-1	-1
10969	0	0	-1	1	1	0	0
10981	0	0	1	1	1	-1	-1
10996	0	0	1	1	1	-1	-1
11009	0	0	1	1	1	-1	-1
11021	0	0	-1	1	1	-1	0
11036	1	0	-1	1	0	-1	-1
11048	0	0	1	1	1	-1	0
11063	1	0	1	1	1	-1	0
11066	-1	-1	-1	0	-1	-1	0
11077	1	0	-1	1	1	-1	-1
11082	1	0	-1	1	-1	1	0
11083	-1	0	-1	1	-1	1	0
11091	1	0	0	1	1	0	-1
11100	0	0	-1	1	-1	-1	0
11107	-1	0	-1	1	0	1	0
11116	1	0	-1	1	0	0	0
11121	0	0	-1	-1	-1	-1	0
11128	0	0	-1	1	-1	-1	0
11136	0	0	-1	-1	-1	-1	-1
11143	0	0	-1	-1	1	0	-1
11148	0	0	-1	1	-1	-1	-1
11162	0	0	-1	1	1	0	0
11177	0	0	-1	-1	-1	-1	-1
11183	0	0	-1	-1	-1	0	0
11186	0	0	1	1	1	0	0
11195	0	0	-1	-1	1	-1	0
11199	0	0	1	1	1	0	0
11202	0	0	0	1	1	-1	0
11210	0	0	1	0	0	-1	0
11218	0	0	-1	-1	1	0	-1
11229	0	0	-1	-1	1	-1	0
11243	-1	-1	-1	-1	1	-1	0
11252	0	0	1	0	1	-1	0
11260	0	0	-1	-1	-1	-1	0
11264	0	0	-1	-1	-1	-1	0
11272	0	0	-1	-1	-1	-1	0
11275	-1	-1	-1	-1	1	0	0
11281	0	0	1	1	1	-1	0
11284	0	0	1	1	-1	0	1
11287	0	1	1	1	1	1	1
11291	1	0	1	-1	-1	1	-1
11295	0	0	1	1	-1	0	-1
11296	0	0	1	1	1	0	0
11300	-1	-1	-1	1	-1	-1	0
11305	0	0	1	1	1	1	-1
11312	0	0	-1	0	-1	0	0
11314	0	0	1	1	1	1	0
11319	0	0	-1	1	-1	-1	-1
11322	0	0	-1	1	-1	-1	0
11334	-1	0	1	0	-1	0	1
11344	1	0	1	0	-1	0	1
11348	1	1	0	1	0	1	1
11358	0	0	1	1	0	0	0
11362	0	0	-1	1	-1	-1	1
11368	-1	1	-1	0	-1	-1	1
11376	1	0	1	1	1	1	0
11383	0	0	-1	1	-1	-1	0
11385	0	0	1	1	1	0	0
11388	0	0	1	1	0	0	1
11394	0	0	1	1	1	1	1
11396	0	0	1	1	1	1	-1
11398	0	1	1	0	0	1	0
11405	0	0	1	1	1	1	1
11410	1	1	1	1	1	1	1
11412	1	1	1	1	1	1	1
11416	1	1	1	1	1	1	0
11419	1	1	0	1	-1	0	1
11421	0	-1	0	-1	-1	0	-1
11423	0	0	0	0	-1	0	0
11426	0	0	0	-1	0	0	-1
11434	0	0	-1	1	-1	0	0
11436	0	0	1	1	0	0	0
11443	0	0	-1	1	-1	-1	0
11450	0	0	-1	1	-1	-1	0
11452	0	0	1	1	-1	1	0
11458	-1	0	1	1	1	-1	1
11468	0	0	-1	1	1	1	0
11471	1	0	-1	1	1	-1	-1
11479	0	-1	-1	1	1	1	-1
11485	0	0	-1	1	-1	0	0
11490	0	0	-1	1	-1	-1	-1
11494	0	0	-1	1	-1	-1	0
11506	-1	0	-1	-1	-1	0	0
11512	0	0	-1	1	1	1	0
11517	0	0	1	1	1	1	0
11523	0	0	1	-1	1	-1	0
11529	0	0	1	-1	1	-1	0
11532	0	0	-1	-1	-1	-1	0
11549	0	0	1	1	1	1	0
11566	0	0	1	1	0	1	0
11572	0	0	1	1	1	1	1
11578	0	0	1	1	1	0	0
11583	0	0	1	1	1	1	0
11588	0	0	0	1	1	0	0
11597	-1	0	-1	-1	1	-1	-1
11605	0	0	-1	-1	-1	-1	0
11610	1	1	1	1	1	1	1
11611	0	0	1	1	1	0	0
11612	0	0	1	1	1	0	0
11617	0	0	1	1	1	0	0
11620	0	1	1	1	1	1	1
11626	0	0	1	0	1	0	-1
11628	0	0	1	1	1	1	0
11630	0	0	0	1	1	-1	0
11634	0	0	1	1	1	0	1
11636	0	0	1	1	1	0	0
11637	0	0	1	-1	-1	0	0